Run semi-empirical minimization
 &qmmm
    qm_theory='AM1', grms_tol=0.0005,
 scfconv=1.d-10, ndiis_attempts=700,   qmcharge=0,
 /
   7     N        2.8530        0.7980       -0.0650 
   6     C        4.9000        1.7910        0.6740 
   6    C1        4.2040        0.7180        0.1180 
   6    C2        6.2790        1.7070        0.8600 
   6    C3        6.9640        0.5500        0.4900 
   6    C4        6.2710       -0.5250       -0.0660 
   6    C5        4.8900       -0.4400       -0.2520 
   1     H        4.3720        2.6970        0.9650 
   1    H1        6.8200        2.5440        1.2930 
   1    H2        8.0400        0.4920        0.6390 
   1    H3        4.3480       -1.2780       -0.6850 
   1    H4        2.4100        1.6640        0.2230 
   7    N1        6.9400       -1.6580       -0.4280 
   1    H5        7.9410       -1.6610       -0.2690 

