 # Derivative distribution function -dV(r)/dr (or -dV(d)/dd) vs d
  0.125000000      -0.00000000    
  0.375000000      -0.00000000    
  0.625000000      -0.00000000    
  0.875000000      -0.00000000    
   1.12500000      -0.00000000    
   1.37500000      -0.00000000    
   1.62500000      -0.00000000    
   1.87500000      -0.00000000    
   2.12500000      -0.00000000    
   2.37500000       8.08584690E-03
   2.62500000       2.64881849E-02
   2.87500000       4.93518114E-02
   3.12500000      0.102885842    
   3.37500000      0.139969230    
   3.62500000      0.148891687    
   3.87500000      0.135508180    
   4.12500000      0.118221164    
   4.37500000      0.118221164    
   4.62500000      0.107904553    
   4.87500000       8.39258432E-02
   5.12500000       7.05423355E-02
   5.37500000       8.50410461E-02
   5.62500000       7.27728605E-02
   5.87500000       5.49283028E-02
   6.12500000       4.21023369E-02
   6.37500000       3.84775400E-02
   6.62500000       3.95929813E-02
   6.87500000       3.23435068E-02
   7.12500000       2.34211683E-02
   7.37500000       1.70083046E-02
   7.62500000       1.75658464E-02
   7.87500000       1.33835077E-02
   8.12500000       1.19893551E-02
   8.37500000       1.53352022E-02
   8.62500000       2.06329823E-02
   8.87500000       1.67294741E-02
   9.12500000       8.92233849E-03
   9.37500000       1.31046772E-02
   9.62500000       1.33835077E-02
   9.87500000       1.00376606E-02
   10.1250000       1.19894743E-02
   10.3750000       1.11528635E-02
   10.6250000       1.11528635E-02
   10.8750000       1.84023380E-02
   11.1250000       1.75658464E-02
   11.3750000       1.05953217E-02
   11.6250000       1.33835077E-02
   11.8750000       1.50564909E-02
   12.1250000       2.92764902E-02
   12.3750000       3.06705236E-02
   12.6250000       1.61718130E-02
   12.8750000       1.67294741E-02
   13.1250000       1.56140327E-02
   13.3750000       1.28258467E-02
   13.6250000       1.05953217E-02
   13.8750000       9.20116901E-03
   14.1250000       9.47999954E-03
   14.3750000       1.25470161E-02
   14.6250000       1.72870159E-02
   14.8750000       1.72871351E-02
   15.1250000       1.61718130E-02
   15.3750000       1.89599395E-02
   15.6250000       1.67293549E-02
   15.8750000       1.39411688E-02
   16.1250000       1.53353214E-02
   16.3750000       1.28258467E-02
   16.6250000       1.08740926E-02
   16.8750000       1.14317536E-02
   17.1250000       2.03540921E-02
   17.3750000       1.95176601E-02
   17.6250000       1.39411688E-02
   17.8750000       2.00752616E-02
   18.1250000       1.97964907E-02
   18.3750000       1.70082450E-02
   18.6250000       2.39787698E-02
   18.8750000       5.32552600E-02
   19.1250000       6.27352595E-02
   19.3750000      0.103722274    
