 # Derivative distribution function -dV(r)/dr (or -dV(d)/dd) vs d
  0.125000000      -0.00000000    
  0.375000000      -0.00000000    
  0.625000000      -0.00000000    
  0.875000000      -0.00000000    
   1.12500000      -0.00000000    
   1.37500000      -0.00000000    
   1.62500000      -0.00000000    
   1.87500000      -0.00000000    
   2.12500000      -0.00000000    
   2.37500000      -0.00000000    
   2.62500000       3.90529633E-04
   2.87500000       5.46658039E-03
   3.12500000       2.69424915E-02
   3.37500000       4.41234112E-02
   3.62500000       5.46661615E-02
   3.87500000       5.77899218E-02
   4.12500000       6.55994415E-02
   4.37500000       8.19991827E-02
   4.62500000       7.26279020E-02
   4.87500000       5.31042814E-02
   5.12500000       5.42756319E-02
   5.37500000       7.65326023E-02
   5.62500000       7.26279020E-02
   5.87500000       6.40375614E-02
   6.12500000       4.91994619E-02
   6.37500000       4.41232920E-02
   6.62500000       6.09138012E-02
   6.87500000       4.49043512E-02
   7.12500000       3.20186615E-02
   7.37500000       2.85044909E-02
   7.62500000       2.65522003E-02
   7.87500000       2.45997906E-02
   8.12500000       2.65520811E-02
   8.37500000       2.85044909E-02
   8.62500000       2.92854309E-02
   8.87500000       3.04569006E-02
   9.12500000       2.49902010E-02
   9.37500000       2.92854309E-02
   9.62500000       2.61616707E-02
   9.87500000       2.53807306E-02
   10.1250000       5.38852215E-02
   10.3750000       5.46660423E-02
   10.6250000       3.51425409E-02
   10.8750000       3.31902504E-02
   11.1250000       2.45997906E-02
   11.3750000       2.22568512E-02
   11.6250000       3.00663710E-02
   11.8750000       3.04569006E-02
   12.1250000       5.70089817E-02
   12.3750000       6.05232716E-02
   12.6250000       3.00663710E-02
   12.8750000       2.49902010E-02
   13.1250000       2.65520811E-02
   13.3750000       2.92854309E-02
   13.6250000       3.47521305E-02
   13.8750000       3.27997208E-02
   14.1250000       2.81139612E-02
   14.3750000       3.67044210E-02
   14.6250000       3.90472412E-02
   14.8750000       3.70948315E-02
   15.1250000       5.15424013E-02
   15.3750000      0.142131984    
   15.6250000      0.124951184    
   15.8750000       3.78758311E-02
   16.1250000       3.67043614E-02
   16.3750000       5.62280416E-02
   16.6250000       5.03709912E-02
   16.8750000       2.85044909E-02
   17.1250000       3.70948911E-02
   17.3750000       2.65521407E-02
   17.6250000       5.27137518E-02
   17.8750000       8.00468326E-02
   18.1250000       5.89613318E-02
   18.3750000       4.41234112E-02
   18.6250000       3.70948911E-02
   18.8750000       2.81140208E-02
   19.1250000       2.34283805E-02
   19.3750000       2.77235508E-02
