Run semi-empirical minimization
 &qmmm
    qm_theory='AM1', grms_tol=0.0005,
 scfconv=1.d-10, ndiis_attempts=700,   qmcharge=0,
 /
   7     N        2.8920        0.8050       -0.1470 
   6     C        4.9230        1.7970        0.6330 
   6    C1        4.2360        0.7170        0.0770 
   6    C2        6.2950        1.7070        0.8620 
   6    C3        6.9830        0.5400        0.5360 
   6    C4        6.3000       -0.5410       -0.0210 
   6    C5        4.9260       -0.4510       -0.2510 
   1     H        4.3930        2.7110        0.8900 
   1    H1        6.8280        2.5490        1.2960 
   1    H2        8.0540        0.4780        0.7190 
   1    H3        4.3920       -1.2940       -0.6850 
   1    H4        2.3800        1.5800        0.2590 
   7    N1        6.9750       -1.6840       -0.3420 
   1    H5        7.9890       -1.6680       -0.3400 
   1    H6        2.3800       -0.0390       -0.3780 
   1    H7        6.5090       -2.3840       -0.9070 

