Run semi-empirical minimization
 &qmmm
    qm_theory='AM1', grms_tol=0.0005,
 scfconv=1.d-10, ndiis_attempts=700,   qmcharge=-1,
 /
   7     N        2.8710        0.7600       -0.0840 
   6     C        4.9110        1.7700        0.6540 
   6    C1        4.2200        0.6850        0.1130 
   6    C2        6.2880        1.6900        0.8540 
   6    C3        6.9770        0.5270        0.5150 
   6    C4        6.2900       -0.5590       -0.0260 
   6    C5        4.9110       -0.4800       -0.2260 
   1     H        4.3800        2.6810        0.9210 
   1    H1        6.8250        2.5360        1.2760 
   1    H2        8.0520        0.4730        0.6750 
   1    H3        4.3710       -1.3260       -0.6470 
   1    H4        2.4250        1.6310        0.1830 
   7    N1        6.9660       -1.6990       -0.3580 
   1    H5        7.9790       -1.6770       -0.3770 
   1    H6        6.4900       -2.4050       -0.9090 

