Run semi-empirical minimization
 &qmmm
    qm_theory='AM1', grms_tol=0.0005,
 scfconv=1.d-10, ndiis_attempts=700,   qmcharge=1,
 /
   6     C       -8.3350        2.5040       -0.0390 
   6    C1       -7.1190        3.1960        0.0040 
   6    C2       -5.9200        2.4580        0.0330 
   6    C3       -8.3640        1.1140       -0.0520 
   6    C4       -7.1700        0.3980       -0.0230 
   6    C5       -5.9340        1.0520        0.0200 
   1     H       -9.2800        3.0420       -0.0620 
   1    H1       -4.9720        2.9890        0.0660 
   1    H2       -7.2090       -0.6900       -0.0330 
   6    C6       -9.6800        0.4130       -0.0970 
   6    C7       -4.6900        0.1890        0.0500 
   6    C8       -7.1070        4.7090        0.0170 
   8     O       -6.0880        5.3670        0.0540 
   8    O1       -9.8190       -0.7930       -0.1120 
   8    O2       -4.7420       -1.0240        0.0370 
   8    O3       -8.2870        5.2870       -0.0130 
   1    H3       -8.1840        6.2630       -0.0010 
   8    O4       -3.5190        0.7760        0.0900 
   1    H4       -3.6150        1.7330        0.0950 

