Run semi-empirical minimization
 &qmmm
    qm_theory='AM1', grms_tol=0.0005,
 scfconv=1.d-10, ndiis_attempts=700,   qmcharge=0,
 /
   6     C       -1.6570        1.3570       -0.5960 
   6    C1       -2.5850        0.3830       -0.2130 
   6    C2       -0.2980        1.1310       -0.3640 
   6    C3        0.1430       -0.0500        0.2440 
   6    C4       -0.8030       -1.0080        0.6170 
   6    C5       -2.1690       -0.8070        0.3960 
   1     H       -3.6410        0.5570       -0.3950 
   1    H1        0.4160        1.8920       -0.6660 
   1    H2       -0.4700       -1.9300        1.0900 
   6    C6        1.6030       -0.3190        0.5060 
   8     O        1.9850       -1.3420        1.0400 
   7     N        2.4750        0.6490        0.1370 
   6    C7        4.5300        1.8120        0.7270 
   6    C8        3.8980        0.6470        0.2940 
   6    C9        5.9160        1.8470        0.8690 
   6   C10        6.6780        0.7190        0.5710 
   6   C11        6.0530       -0.4450        0.1250 
   6   C12        4.6650       -0.4800       -0.0180 
   1    H3        3.9440        2.6980        0.9610 
   1    H4        6.4040        2.7560        1.2130 
   1    H5        7.7590        0.7540        0.6830 
   1    H6        4.1840       -1.3860       -0.3780 
   1    H7        2.0930        1.5060       -0.2300 
   6   C13       -2.0860        2.6420       -1.2510 
   6   C14       -3.1450       -1.8750        0.8190 
   8    O1       -2.7840       -2.9040        1.3560 
   7    N1       -4.4560       -1.6230        0.5940 
   8    O2       -1.3130        3.5110       -1.5970 
   8    O3       -3.3710        2.7830       -1.4350 
   7    N2        6.8000       -1.5480       -0.1760 
   1    H8        7.7720       -1.5700        0.1110 
   1    H9        6.3240       -2.4330       -0.3120 
   6   C15       -5.5740       -2.4540        0.9230 
   1   H10       -4.6990       -0.7200        0.2170 
   6   C16       -6.7160       -1.8660        1.4690 
   6   C17       -7.8300       -2.6470        1.7810 
   6   C18       -7.8060       -4.0200        1.5380 
   6   C19       -6.6720       -4.6090        0.9810 
   6   C20       -5.5610       -3.8290        0.6690 
   1   H11       -6.7350       -0.7950        1.6580 
   1   H12       -8.6690       -4.6360        1.7790 
   1   H13       -6.6560       -5.6780        0.7860 
   1   H14       -4.6870       -4.2990        0.2230 
   7    N3       -8.9430       -2.0680        2.3210 
   1   H15       -9.0150       -1.0570        2.3290 
   1   H16       -9.7970       -2.6110        2.3790 
   1   H17       -3.4900        3.6510       -1.8620 

