Run semi-empirical minimization
 &qmmm
    qm_theory='AM1', grms_tol=0.0005,
 scfconv=1.d-10, ndiis_attempts=700,   qmcharge=-3,
 /
   6     C       -8.6710        2.5620       -0.0480 
   6    C1       -7.4100        3.1560       -0.0050 
   6    C2       -6.2680        2.3530        0.0220 
   6    C3       -8.7960        1.1730       -0.0640 
   6    C4       -7.6500        0.3750       -0.0370 
   6    C5       -6.3840        0.9640        0.0060 
   1     H       -9.5620        3.1860       -0.0690 
   1    H1       -5.2810        2.8110        0.0550 
   1    H2       -7.7440       -0.7090       -0.0500 
   6    C6      -10.1570        0.5630       -0.1100 
   6    C7       -5.1490        0.1270        0.0350 
   6    C8       -7.3010        4.6440        0.0110 
   8     O       -6.2530        5.2580        0.0480 
   8    O1      -10.3790       -0.6310       -0.1270 
   8    O2       -5.1360       -1.0870        0.0250 

