Run semi-empirical minimization
 &qmmm
    qm_theory='AM1', grms_tol=0.0005,
 scfconv=1.d-10, ndiis_attempts=700,   qmcharge=1,
 /
   6     C       -7.0890        2.9760       -0.0000 
   6    C1       -5.8700        3.6660       -0.0000 
   6    C2       -4.6790        2.9330       -0.0000 
   6    C3       -7.1160        1.5820       -0.0000 
   6    C4       -5.9190        0.8640       -0.0000 
   6    C5       -4.6980        1.5390       -0.0000 
   1     H       -8.0320        3.5180       -0.0000 
   1    H1       -3.7220        3.4510        0.0000 
   1    H2       -5.9380       -0.2240       -0.0000 
   6    C6       -8.4320        0.8780       -0.0000 
   6    C7       -3.4070        0.7910       -0.0000 
   6    C8       -5.8100        5.1700        0.0000 
   8     O       -4.7690        5.7960        0.0000 
   8    O1       -8.5690       -0.3290       -0.0000 
   8    O2       -3.3120       -0.4200       -0.0000 
   8    O3       -6.9680        5.7780        0.0000 

