Run semi-empirical minimization
 &qmmm
    qm_theory='AM1', grms_tol=0.0005,
 scfconv=1.d-10, ndiis_attempts=700,   qmcharge=-1,
 /
   6     C       -7.1880        2.9340       -0.0000 
   6    C1       -5.9820        3.6330        0.0000 
   6    C2       -4.7720        2.9410        0.0000 
   6    C3       -7.1860        1.5390       -0.0000 
   6    C4       -5.9750        0.8460       -0.0000 
   6    C5       -4.7670        1.5460       -0.0000 
   1     H       -8.1280        3.4820       -0.0000 
   1    H1       -5.9850        4.7200        0.0000 
   1    H2       -3.8360        3.4940        0.0000 
   7     N       -3.5840        0.8640       -0.0000 
   7    N1       -8.3680        0.8550       -0.0000 
   1    H3       -5.9700       -0.2420       -0.0000 
   1    H4       -9.2480        1.3570        0.0000 
   1    H5       -2.7410        1.4280       -0.0000 
   1    H6       -8.3690       -0.1590        0.0000 

