 # Derivative distribution function -dV(r)/dr (or -dV(d)/dd) vs d
  0.125000000      -0.00000000    
  0.375000000      -0.00000000    
  0.625000000      -0.00000000    
  0.875000000      -0.00000000    
   1.12500000      -0.00000000    
   1.37500000      -0.00000000    
   1.62500000      -0.00000000    
   1.87500000      -0.00000000    
   2.12500000      -0.00000000    
   2.37500000       1.00603104E-02
   2.62500000       2.96062231E-02
   2.87500000       5.05893230E-02
   3.12500000      0.104915142    
   3.37500000      0.146306396    
   3.62500000      0.162402987    
   3.87500000      0.150905371    
   4.12500000      0.126760602    
   4.37500000      0.138258219    
   4.62500000      0.134808898    
   4.87500000       9.91663933E-02
   5.12500000       8.62315893E-02
   5.37500000      0.104627728    
   5.62500000       8.73814821E-02
   5.87500000       6.38114214E-02
   6.12500000       4.80023623E-02
   6.37500000       4.88647223E-02
   6.62500000       4.94394302E-02
   6.87500000       3.01810503E-02
   7.12500000       2.35699415E-02
   7.37500000       2.09829807E-02
   7.62500000       1.89709663E-02
   7.87500000       1.43719912E-02
   8.12500000       1.66715384E-02
   8.37500000       1.72463655E-02
   8.62500000       1.66714191E-02
   8.87500000       2.15579271E-02
   9.12500000       2.24202871E-02
   9.37500000       2.18453407E-02
   9.62500000       1.69588327E-02
   9.87500000       2.12703943E-02
   10.1250000       4.02414799E-02
   10.3750000       3.59299183E-02
   10.6250000       2.35700011E-02
   10.8750000       2.32825279E-02
   11.1250000       2.09830403E-02
   11.3750000       1.78212523E-02
   11.6250000       1.89709663E-02
   11.8750000       2.09830403E-02
   12.1250000       4.54153419E-02
   12.3750000       5.11640906E-02
   12.6250000       2.38574147E-02
   12.8750000       1.78212523E-02
   13.1250000       2.06956267E-02
   13.3750000       2.52946019E-02
   13.6250000       2.55820751E-02
   13.8750000       2.55820751E-02
   14.1250000       2.24202275E-02
   14.3750000       2.44323015E-02
   14.6250000       3.27680111E-02
   14.8750000       2.98936367E-02
   15.1250000       3.96665931E-02
   15.3750000      0.118999720    
   15.6250000      0.100028753    
   15.8750000       2.18453407E-02
   16.1250000       2.67317891E-02
   16.3750000       4.31158543E-02
   16.6250000       4.02414799E-02
   16.8750000       2.12705135E-02
   17.1250000       2.35699415E-02
   17.3750000       2.21327543E-02
   17.6250000       4.36907411E-02
   17.8750000       5.83501160E-02
   18.1250000       4.48404849E-02
   18.3750000       3.73670757E-02
   18.6250000       3.13308239E-02
   18.8750000       2.06955969E-02
   19.1250000       1.20724440E-02
   19.3750000       1.52342618E-02
