Run semi-empirical minimization
 &qmmm
    qm_theory='AM1', grms_tol=0.0005,
 scfconv=1.d-10, ndiis_attempts=700,   qmcharge=0,
 /
   6     C       -1.3210        1.8110       -0.4760 
   6    C1       -2.3040        0.8590       -0.1690 
   6    C2        0.0240        1.4810       -0.2950 
   6    C3        0.4040        0.2230        0.1870 
   6    C4       -0.5920       -0.7080        0.4850 
   6    C5       -1.9460       -0.4080        0.3140 
   1     H       -3.3540        1.1050       -0.3070 
   1    H1        0.7810        2.2220       -0.5360 
   1    H2       -0.3080       -1.6890        0.8590 
   6    C6        1.8480       -0.1550        0.3910 
   8     O        2.1750       -1.2460        0.8170 
   7     N        2.7720        0.7910        0.1000 
   6    C7        4.9020        1.7690        0.7580 
   6    C8        4.1940        0.6900        0.2280 
   6    C9        6.2890        1.7080        0.8760 
   6   C10        6.9770        0.5710        0.4560 
   6   C11        6.2770       -0.5060       -0.0860 
   6   C12        4.8880       -0.4450       -0.2050 
   1    H3        4.3740        2.6610        1.0870 
   1    H4        6.8360        2.5490        1.2950 
   1    H5        8.0600        0.5320        0.5510 
   1    H6        4.3480       -1.2820       -0.6410 
   1    H7        2.4380        1.7010       -0.1750 
   6   C13       -1.6560        3.1850       -0.9980 
   6   C14       -2.9640       -1.4650        0.6570 
   8    O1       -2.6710       -2.5660        1.0760 
   8    O2       -0.8170        4.0200       -1.2670 
   8    O3       -2.9230        3.4580       -1.1540 
   7    N1        6.9520       -1.6170       -0.5060 
   1    H8        7.9250       -1.7230       -0.2420 
   1    H9       -2.9560        4.3750       -1.4940 

