Run semi-empirical minimization
 &qmmm
    qm_theory='AM1', grms_tol=0.0005,
 scfconv=1.d-10, ndiis_attempts=700,   qmcharge=0,
 /
   6     C       -1.1080        1.6620       -0.5810 
   6    C1       -2.1560        0.7660       -0.2970 
   6    C2        0.2380        1.1890       -0.4260 
   6    C3        0.5280       -0.1530       -0.0460 
   6    C4       -0.5780       -0.9830        0.1800 
   6    C5       -1.8990       -0.5530        0.0920 
   1     H       -3.1880        1.0960       -0.3800 
   1    H1        1.0640        1.8700       -0.6190 
   1    H2       -0.4180       -2.0150        0.4790 
   6    C6        1.8930       -0.8590        0.1930 
   8     O        1.8990       -2.0440        0.4690 
   7     N        3.1250       -0.2590        0.2100 
   6    C7        4.2420       -0.9410        2.2780 
   6    C8        4.2860       -0.8700        0.8840 
   6    C9        5.2590       -1.5610        3.0010 
   6   C10        6.3550       -2.1290        2.3550 
   6   C11        6.4530       -2.0990        0.9630 
   6   C12        5.4070       -1.4570        0.2360 
   1    H3        3.3940       -0.5190        2.8140 
   1    H4        5.1990       -1.5980        4.0860 
   1    H5        7.1410       -2.5770        2.9580 
   1    H6        5.4650       -1.4150       -0.8490 
   1    H7        3.1850        0.7310        0.0290 
   6   C13       -1.4550        3.0980       -1.0410 
   6   C14       -2.9750       -1.5580        0.4490 
   8    O1       -2.7340       -2.6990        0.7870 
   8    O2       -4.2140       -1.1540        0.4400 
   8    O3       -0.5910        3.9110       -1.2960 
   8    O4       -2.7470        3.4290       -1.1730 
   7    N1        7.6610       -2.5890        0.2920 
   1    H8       -2.9560        4.3750       -1.4940 
   1    H9       -4.7290       -1.9360        0.7520 
   6   C15        8.7440       -3.3650        0.6870 
   1   H10        7.7550       -2.1710       -0.6170 
   6   C16       10.0290       -3.2740       -0.1650 
   6   C17       11.2360       -4.0190        0.0020 
   6   C18       12.3980       -3.8220       -0.8170 
   6   C19       10.0210       -2.3140       -1.1610 
   6   C20       11.1240       -2.0410       -1.9480 
   6   C21       12.3030       -2.8040       -1.7910 
   6   C22       10.9770       -0.9000       -2.9270 
   6   C23       13.7000       -4.6770       -0.6290 
   1   H11       11.2700       -4.7740        0.7840 
   1   H12       13.1620       -2.5920       -2.4240 
   1   H13        9.1330       -1.7210       -1.3090 
   8    O5        8.6920       -4.0710        1.6730 
   8    O6       11.8750       -0.5790       -3.6780 
   8    O7        9.8270       -0.2260       -2.9210 
   1   H14        9.1610       -0.5350       -2.2390 
   8    O8       14.7860       -4.4840       -1.4060 
   1   H15       15.6220       -5.0870       -1.2410 
   8    O9       13.7470       -5.5390        0.2230 

