Run semi-empirical minimization
 &qmmm
    qm_theory='AM1', grms_tol=0.0005,
 scfconv=1.d-10, ndiis_attempts=700,   qmcharge=0,
 /
   6     C       -7.1960        2.9400        0.0000 
   6    C1       -5.9880        3.6370        0.0000 
   6    C2       -4.7800        2.9420        0.0000 
   6    C3       -7.1970        1.5450        0.0000 
   6    C4       -5.9870        0.8490        0.0000 
   6    C5       -4.7780        1.5470        0.0000 
   1     H       -8.1340        3.4900        0.0000 
   1    H1       -5.9890        4.7240        0.0000 
   1    H2       -3.8420        3.4920        0.0000 
   7     N       -3.5940        0.8660        0.0000 
   7    N1       -8.3800        0.8630        0.0000 
   1    H3       -5.9860       -0.2390        0.0000 
   1    H4       -9.2590        1.3680        0.0000 
   1    H5       -2.7150        1.3710        0.0000 

