Run semi-empirical minimization
 &qmmm
    qm_theory='AM1', grms_tol=0.0005,
 scfconv=1.d-10, ndiis_attempts=700,   qmcharge=-3,
 /
   6     C       -7.1290        2.9350       -0.0000 
   6    C1       -5.9170        3.6370        0.0000 
   6    C2       -4.7180        2.9180       -0.0000 
   6    C3       -7.1510        1.5340        0.0000 
   6    C4       -5.9390        0.8390       -0.0000 
   6    C5       -4.7250        1.5260        0.0000 
   1     H       -8.0670        3.4850       -0.0000 
   1    H1       -3.7660        3.4450        0.0000 
   1    H2       -5.9380       -0.2500        0.0000 
   6    C6       -8.4420        0.7600       -0.0000 
   6    C7       -3.4270        0.7890       -0.0000 
   6    C8       -5.8690        5.1420        0.0000 
   8     O       -4.8330        5.7750        0.0000 
   8    O1       -8.4930       -0.4540       -0.0000 
   8    O2       -3.3220       -0.4210       -0.0000 
   8    O3       -7.0310        5.7420        0.0000 
   8    O4       -9.5320        1.4830       -0.0000 

