Run semi-empirical minimization
 &qmmm
    qm_theory='AM1', grms_tol=0.0005,
 scfconv=1.d-10, ndiis_attempts=700,   qmcharge=0,
 /
   6     C       -7.1800        2.9300        0.0000 
   6    C1       -5.9780        3.6360        0.0000 
   6    C2       -4.7650        2.9500       -0.0000 
   6    C3       -7.1700        1.5350       -0.0000 
   6    C4       -5.9560        0.8490       -0.0000 
   6    C5       -4.7520        1.5550       -0.0000 
   1     H       -8.1230        3.4730        0.0000 
   1    H1       -5.9870        4.7230        0.0000 
   1    H2       -3.8310        3.5080       -0.0000 
   7     N       -3.5650        0.8800       -0.0000 
   7    N1       -8.3470        0.8420       -0.0000 
   1    H3       -5.9470       -0.2400       -0.0000 
   1    H4       -9.1960        1.3960       -0.0000 
   1    H5       -2.7240        1.4480       -0.0000 

