Run semi-empirical minimization
 &qmmm
    qm_theory='AM1', grms_tol=0.0005,
 scfconv=1.d-10, ndiis_attempts=700,   qmcharge=-1,
 /
   6     C       -1.7340        1.2890       -0.5280 
   6    C1       -2.6700        0.3010       -0.1770 
   6    C2       -0.3760        1.0430       -0.3190 
   6    C3        0.0680       -0.1630        0.2280 
   6    C4       -0.8780       -1.1320        0.5630 
   6    C5       -2.2490       -0.9220        0.3700 
   1     H       -3.7280        0.4910       -0.3400 
   1    H1        0.3360        1.8140       -0.5940 
   1    H2       -0.5360       -2.0730        0.9860 
   6    C6        1.5330       -0.4380        0.4620 
   8     O        1.9380       -1.4760        0.9500 
   7     N        2.3890        0.5560        0.1240 
   6    C7        4.4110        1.7640        0.7250 
   6    C8        3.8110        0.5860        0.2810 
   6    C9        5.7950        1.8330        0.8740 
   6   C10        6.5860        0.7270        0.5710 
   6   C11        5.9940       -0.4500        0.1120 
   6   C12        4.6080       -0.5180       -0.0380 
   1    H3        3.7980        2.6310        0.9620 
   1    H4        6.2560        2.7520        1.2260 
   1    H5        7.6650        0.7880        0.6900 
   1    H6        4.1490       -1.4320       -0.4080 
   1    H7        1.9770        1.4160       -0.2060 
   6   C13       -2.1470        2.6090       -1.1300 
   6   C14       -3.1930       -2.0410        0.7550 
   8    O1       -2.7590       -3.0890        1.2000 
   8    O2       -1.2780        3.4160       -1.4080 
   8    O3       -3.3270        2.8200       -1.3190 
   7    N1        6.7690       -1.5320       -0.1910 
   1    H8        7.7310       -1.5420        0.1280 
   1    H9        6.3060       -2.4240       -0.3320 
   7    N2       -4.5250       -1.8410        0.6000 
   6   C15       -5.5890       -2.7710        0.8810 
   1   H10       -4.8420       -0.9260        0.3220 
   6   C16       -5.5120       -4.1080        0.4770 
   6   C17       -6.7480       -2.3230        1.5250 
   6   C18       -6.5650       -4.9890        0.7320 
   6   C19       -7.7110       -4.5440        1.3870 
   6   C20       -7.8090       -3.2040        1.7860 
   1   H11       -4.6330       -4.4720       -0.0450 
   1   H12       -6.4920       -6.0260        0.4150 
   1   H13       -6.8170       -1.2780        1.8260 
   1   H14       -8.5240       -5.2440        1.5790 
   7    N3       -8.6960       -2.7930        2.3060 
   1   H15       -8.6560       -2.9870        1.3070 
   1   H16       -7.9820       -3.3670        2.7500 

