 # Derivative distribution function -dV(r)/dr (or -dV(d)/dd) vs d
  0.125000000      -0.00000000    
  0.375000000      -0.00000000    
  0.625000000      -0.00000000    
  0.875000000      -0.00000000    
   1.12500000      -0.00000000    
   1.37500000      -0.00000000    
   1.62500000      -0.00000000    
   1.87500000      -0.00000000    
   2.12500000      -0.00000000    
   2.37500000      -0.00000000    
   2.62500000       3.59296799E-04
   2.87500000       3.23390961E-03
   3.12500000       1.79662704E-02
   3.37500000       3.41358185E-02
   3.62500000       4.74307537E-02
   3.87500000       4.99460697E-02
   4.12500000       6.07259274E-02
   4.37500000       7.47395754E-02
   4.62500000       6.71936274E-02
   4.87500000       5.64138889E-02
   5.12500000       5.82106113E-02
   5.37500000       6.46784306E-02
   5.62500000       5.03053665E-02
   5.87500000       4.31189537E-02
   6.12500000       3.34172249E-02
   6.37500000       3.41358185E-02
   6.62500000       4.52748537E-02
   6.87500000       3.23392153E-02
   7.12500000       2.37153769E-02
   7.37500000       2.51526833E-02
   7.62500000       2.29967833E-02
   7.87500000       2.04814672E-02
   8.12500000       2.08408833E-02
   8.37500000       2.01221704E-02
   8.62500000       2.51526833E-02
   8.87500000       2.58713961E-02
   9.12500000       1.61695480E-02
   9.37500000       1.83255672E-02
   9.62500000       1.97628736E-02
   9.87500000       1.47322416E-02
   10.1250000       1.68882608E-02
   10.3750000       1.83255672E-02
   10.6250000       1.54509544E-02
   10.8750000       1.94035769E-02
   11.1250000       2.01221704E-02
   11.3750000       1.65288448E-02
   11.6250000       1.79662704E-02
   11.8750000       1.65289640E-02
   12.1250000       4.49155569E-02
   12.3750000       4.81494665E-02
   12.6250000       2.26373672E-02
   12.8750000       2.33560801E-02
   13.1250000       2.22781897E-02
   13.3750000       1.72475576E-02
   13.6250000       1.54509544E-02
   13.8750000       1.79662704E-02
   14.1250000       1.94034576E-02
   14.3750000       1.94034576E-02
   14.6250000       2.22781897E-02
   14.8750000       2.22781897E-02
   15.1250000       2.15594769E-02
   15.3750000       2.12001801E-02
   15.6250000       1.90441608E-02
   15.8750000       1.83254480E-02
   16.1250000       1.83255672E-02
   16.3750000       1.94035769E-02
   16.6250000       1.29356384E-02
   16.8750000       1.72475576E-02
   17.1250000       3.16205025E-02
   17.3750000       2.47933865E-02
   17.6250000       1.61696672E-02
   17.8750000       2.29967833E-02
   18.1250000       2.55119801E-02
   18.3750000       2.47933865E-02
   18.6250000       3.41358185E-02
   18.8750000       6.97089434E-02
   19.1250000       8.33632946E-02
   19.3750000      0.139058590    
