Run semi-empirical minimization
 &qmmm
    qm_theory='AM1', grms_tol=0.0005,
 scfconv=1.d-10, ndiis_attempts=700,   qmcharge=0,
 /
   6     C       -8.6950        2.5270       -0.0490 
   6    C1       -7.4430        3.1540       -0.0060 
   6    C2       -6.2910        2.3610        0.0210 
   6    C3       -8.7940        1.1360       -0.0650 
   6    C4       -7.6350        0.3580       -0.0370 
   6    C5       -6.3820        0.9700        0.0060 
   1     H       -9.6070        3.1190       -0.0710 
   1    H1       -5.3100        2.8300        0.0540 
   1    H2       -7.7100       -0.7270       -0.0490 
   6    C6      -10.1430        0.5010       -0.1100 
   6    C7       -5.1310        0.1570        0.0360 
   6    C8       -7.3090        4.6520        0.0110 
   8     O       -6.2440        5.2310        0.0480 
   8    O1      -10.3430       -0.6970       -0.1270 
   8    O2       -5.0960       -1.0570        0.0260 
   8    O3       -8.4300        5.3200       -0.0170 
   1    H3       -8.1840        6.2630       -0.0010 

