Run semi-empirical minimization
 &qmmm
    qm_theory='AM1', grms_tol=0.0005,
 scfconv=1.d-10, ndiis_attempts=700,   qmcharge=-2,
 /
   6     C       -1.2330        1.8750       -0.4820 
   6    C1       -2.2170        0.9460       -0.1270 
   6    C2        0.1130        1.5430       -0.3040 
   6    C3        0.4860        0.3000        0.2220 
   6    C4       -0.5150       -0.6120        0.5680 
   6    C5       -1.8670       -0.3030        0.3990 
   1     H       -3.2660        1.1960       -0.2620 
   1    H1        0.8710        2.2690       -0.5830 
   1    H2       -0.2370       -1.5810        0.9770 
   6    C6        1.9290       -0.0840        0.4240 
   8     O        2.2490       -1.1610        0.8880 
   7     N        2.8580        0.8400        0.0860 
   6    C7        5.0060        1.8200        0.6820 
   6    C8        4.2800        0.7290        0.2020 
   6    C9        6.3930        1.7490        0.7860 
   6   C10        7.0650        0.5900        0.4020 
   6   C11        6.3470       -0.5000       -0.0910 
   6   C12        4.9580       -0.4290       -0.1950 
   1    H3        4.4910        2.7300        0.9820 
   1    H4        6.9540        2.5990        1.1660 
   1    H5        8.1480        0.5420        0.4850 
   1    H6        4.4040       -1.2760       -0.5920 
   1    H7        2.5310        1.7430       -0.2200 
   6   C13       -1.5850        3.2240       -1.0500 
   6   C14       -2.9070       -1.3200        0.7880 
   8    O1       -2.6360       -2.4110        1.2470 
   8    O2       -4.1490       -0.9550        0.6000 
   8    O3       -0.7540        4.0520       -1.3660 
   8    O4       -2.8640        3.4630       -1.1860 
   7    N1        7.0050       -1.6330       -0.4750 
   1    H8        7.9810       -1.7390       -0.2200 
   1    H9        6.4640       -2.4730       -0.6480 

