Run semi-empirical minimization
 &qmmm
    qm_theory='AM1', grms_tol=0.0005,
 scfconv=1.d-10, ndiis_attempts=700,   qmcharge=-3,
 /
   6     C       -7.0530        2.9790       -0.0000 
   6    C1       -5.8270        3.6430       -0.0000 
   6    C2       -4.6410        2.9070       -0.0000 
   6    C3       -7.0990        1.5850       -0.0000 
   6    C4       -5.9100        0.8530       -0.0000 
   6    C5       -4.6790        1.5130       -0.0000 
   1     H       -7.9790        3.5500       -0.0000 
   1    H1       -3.6810        3.4190        0.0000 
   1    H2       -5.9420       -0.2350       -0.0000 
   6    C6       -8.4240        0.8970       -0.0000 
   6    C7       -3.3970        0.7470       -0.0000 
   6    C8       -5.8030        5.1350       -0.0000 
   8     O       -4.7910        5.8070        0.0000 
   8    O1       -8.5770       -0.3080       -0.0000 
   8    O2       -3.3170       -0.4640       -0.0000 

