Run semi-empirical minimization
 &qmmm
    qm_theory='AM1', grms_tol=0.0005,
 scfconv=1.d-10, ndiis_attempts=700,   qmcharge=0,
 /
   6     C       -1.5670        1.6700       -0.5070 
   6    C1       -2.5330        0.7010       -0.2080 
   6    C2       -0.2200        1.3760       -0.2790 
   6    C3        0.1730        0.1380        0.2420 
   6    C4       -0.8100       -0.8110        0.5320 
   6    C5       -2.1640       -0.5450        0.3140 
   1     H       -3.5810        0.9180       -0.3860 
   1    H1        0.5260        2.1300       -0.5140 
   1    H2       -0.5150       -1.7770        0.9370 
   6    C6        1.6190       -0.2010        0.4970 
   8     O        1.9590       -1.2740        0.9560 
   7     N        2.5280        0.7610        0.2110 
   6    C7        4.6130        1.8080        0.9050 
   6    C8        3.9480        0.6980        0.3830 
   6    C9        5.9970        1.7850        1.0650 
   6   C10        6.7250        0.6560        0.6940 
   6   C11        6.0680       -0.4510        0.1590 
   6   C12        4.6820       -0.4290       -0.0010 
   1    H3        4.0530        2.6940        1.1960 
   1    H4        6.5100        2.6500        1.4780 
   1    H5        7.8050        0.6460        0.8210 
   1    H6        4.1760       -1.2900       -0.4310 
   1    H7        2.1800        1.6550       -0.0940 
   6   C13       -1.9330        3.0200       -1.0690 
   6   C14       -3.1810       -1.6080        0.6450 
   8    O1       -2.8610       -2.6870        1.1040 
   7    N1       -4.4810       -1.2960        0.4300 
   8    O2       -1.0930        3.8630       -1.3210 
   7    N2       -3.2510        3.2660       -1.2570 
   7    N3        6.7820       -1.5550       -0.2120 
   1    H8        7.7490       -1.6300        0.0830 
   1    H9        6.2780       -2.4110       -0.4170 
   6   C15       -5.6280       -2.1140        0.6840 
   1   H10       -4.6920       -0.3600        0.1240 
   6   C16       -6.7530       -1.5370        1.2740 
   6   C17       -7.8940       -2.3040        1.5140 
   6   C18       -7.9130       -3.6520        1.1550 
   6   C19       -6.7960       -4.2280        0.5540 
   6   C20       -5.6580       -3.4620        0.3140 
   1   H11       -6.7390       -0.4860        1.5540 
   1   H12       -8.7980       -4.2570        1.3400 
   1   H13       -6.8140       -5.2770        0.2700 
   1   H14       -4.7970       -3.9210       -0.1670 
   7    N4       -8.9910       -1.7370        2.0980 
   1   H15       -9.0290       -0.7290        2.1960 
   1   H16       -9.8620       -2.2560        2.1100 
   6   C21       -3.8520        4.4670       -1.7500 
   1   H17       -3.9050        2.5610       -0.9560 
   6   C22       -4.9990        4.9570       -1.1220 
   6   C23       -5.6200        6.1150       -1.5930 
   6   C24       -3.3410        5.1330       -2.8680 
   6   C25       -3.9610        6.2890       -3.3370 
   6   C26       -5.0970        6.7820       -2.7000 
   1   H18       -5.4070        4.4370       -0.2580 
   1   H19       -5.5740        7.6860       -3.0730 
   1   H20       -2.4610        4.7530       -3.3810 
   1   H21       -3.5570        6.8070       -4.2040 
   7    N5       -6.7380        6.5940       -0.9720 
   1   H22       -7.2050        6.0130       -0.2840 
   1   H23       -7.2720        7.3290       -1.4220 

